67031
-30023
29557
81103
-37887
-11405
25167
-1041
57202
68606
-31524
47594
-15209
73380
-8791
64586
75834
-35282
23533
-14042
9708
-47130
94044
-3819
14235
46513
29777
78146
-34326
52757
56218
13182
-11286
27158
47269
-18926
6494
-26287
-24708
-39975
40580
-5152
61071
26687
60984
-8567
23830
56145
-13858
-37237
-18766
21912
-17058
6595
-615
-4035
16707
19092
92827
-1311
1189
-5119
74525
-1073
98585
27012
5895
63950
-30480
6975
46797
59468
-26923
74703
5510
99625
-33245
18561
88766
97011
56502
25359
1720
62650
-3302
80329
-2016
-44003
90167
-32847
-20405
-15044
-11840
17953
97024
5858
40374
63282
-816
-26525
94946
32121
33430
91028
98439
-48086
45547
60155
95866
98521
-20235
-19063
80668
96246
28747
51910
-5275
-32174
33595
-29977
28367
-15552
83840
-19315
20342
65731
67466
-22277
57848
79720
-29116
-46590
26513
-7093
28944
-1540
60416
20232
-25065
2022
92058
25053
90588
-48325
2379
-30828
6059
83456
70775
62838
49956
-18198
75056
14725
49310
79633
41478
81954
79606
8275
94745
20077
14743
97501
7978
-16916
-22913
25520
-47249
73408
37426
18983
49081
41908
64980
-47024
65401
37898
27410
-48979
18593
9113
-9180
85081
23986
1733
-30247
75550
-4675
10381
77184
41258
94823
-21897
74520
49493
-16912
96397
-28384
-34051
19211
55188
26765
54790
60691
92845
-3316
78590
63469
96168
36543
48372
81936
50404
99945
73605
-31098
39225
88926
62178
-24369
94763
3954
20429
1820
47552
93957
53137
45598
-23403
-43728
63506
53531
59326
36699
53183
70634
-28402
-20542
-27743
90345
87732
-22785
19253
54547
-19549
21075
41125
3565
70954
50565
-16729
76150
-21165
-46333
39537
59505
22169
16803
52185
-10750
17435
24810
-38070
-533
29571
10985
-42080
22658
71938
-42950
27740
89769
-43664
93179
-42593
30180
43020
-2043
81396
71714
40658
98434
82591
90625
56369
20077
42329
61611
-4295
86811
-9610
57802
12665
-29025
54982
-49236
59674
43373
12748
10518
37600
23217
38777
5496
95743
28175
-43408
-47418
31846
-25655
-11840
-32897
42096
26275
3867
-37196
-28906
-3069
-27445
-48105
61913
97734
-38505
44998
56035
38530
-13602
1184
93385
77610
11415
-22039
-37667
-28306
99130
81277
-313
25954
-39439
65511
40690
43991
5171
83483
19015
77839
-9139
86450
-33222
-22025
73971
-25893
14542
-6685
59258
44591
91288
21207
-56
94465
74451
57440
47681
18740
89901
46243
2539
-39142
61936
30276
63057
12706
13297
644
76186
64605
65168
46879
-12673
-44704
-12838
56964
-9684
72002
97340
17312
77427
328
62183
12766
39363
24361
96631
76626
65282
76603
64037
40608
-7239
37994
76223
-15117
57830
37925
43414
88052
-5055
4210
-25701
27145
87008
-36894
-24007
27644
-34655
39317
-45949
-36537
-40258
5963
62467
-43046
48404
34620
-46342
78910
7973
95299
-21499
48546
13544
-43568
-13698
-16472
38635
84916
74799
99963
5203
-3938
-9835
-37617
83657
53627
27030
-16230
92817
-30187
-21563
75536
99968
5245
35884
97533
-29185
68999
39299
8042
-30490
18575
77047
13796
8637
-40080
35929
-30045
99217
97427
51192
-19874
50711
-16102
56516
96347
71018
20603
84019
19088
16469
-42767
-35759
-2734
-8155
91925
76196
78233
50354
71238
-2707
-42232
43638
90190
3409
30116
71792
-7784
18850
37925
33329
19207
66353
-27702
75216
61483
-32907
72785
-7157
-42213
90703
77349
-19942
95340
5217
-27596
29127
59748
-22863
-7189
80764
-14907
71398
21853
24105
-46118
1353
41253
-3247
-2940
28816
-18821
84719
94012
64028
20232
22466
22549
-34339
-14554
92895
-41069
-9162
-47702
77335
27863
45112
94713
5565
2466
-17525
85026
5794
54314
55358
-5966
4668
3413
14624
-9038
27273
68212
9575
43474
47136
-34417
-12041
67667
-13790
-39146
-4044
78086
14904
-32215
28175
37701
-47958
-1434
27676
7927
14904
13833
35952
-1379
69196
72652
42924
-31936
79070
32528
-13034
-27015
-42895
-592
54881
18548
14336
27680
81913
58356
60210
-29844
1733
-5559
2631
78100
-3536
-22712
-2062
-48801
46660
-44195
896
37596
81314
-22657
64724
-16152
-22153
37692
41066
-15026
12139
81080
30001
34414
-41517
163
80064
74049
-10375
86052
38205
-5806
76745
-21723
-171
83621
-10544
14821
8769
-20492
45817
32093
57299
17504
62316
-35054
86125
31668
-46123
-3330
-15603
-45495
33883
-41014
39706
-33035
-35873
82069
38067
48436
-45152
94507
13947
-23275
14734
-26662
-49762
78100
-49107
94049
78283
27250
-31112
30546
-22153
47310
72703
55184
77148
9845
64774
88752
2823
34872
-4044
465
79972
40828
15567
58008
-17896
44595
71343
27461
81190
11493
59459
73376
97620
5286
-25463
8719
232
38163
59633
44911
6302
70762
56232
41803
-18459
12143
-45734
-42328
40095
19820
-7894
-734
94548
49736
56552
21729
5918
6275
-17159
-21329
33677
42256
4663
72130
85717
-41069
4128
2580
18369
-43994
-38208
18937
86418
31608
-43353
18548
43062
-17699
16121
-2799
39953
3102
-33923
49132
27181
87452
30830
66994
53261
27227
83113
41890
-34838
12752
94104
63364
8275
32789
-16578
19385
76443
24526
69127
46371
11928
23601
17701
79176
55454
14080
44082
1079
96155
78471
11631
93815
-28379
97716
32153
-12458
67887
51201
15893
10866
-30604
16744
-28480
-9180
-40945
20603
6169
2882
-31803
37477
25378
70972
26595
-9510
33146
17431
-37539
51219
-18102
63057
2448
39669
72506
77065
21628
24284
4270
27126
-6465
21944
24934
-20656
-9876
-2029
30679
98256
31800
16126
16112
46829
87393
88601
74300
36483
74172
26028
96731
77070
7849
37477
73325
-23124
2580
-19549
92460
92639
-29057
-39100
40933
-20501
73971
33210
53993
41079
-28896
50194
65314
29406
20260
-36894
-42991
94964
77770
-28347
9639
36657
98398
73962
2196
51842
-14641
66596
-37896
-13698
40306
-5431
15238
84275
63323
1326
85891
88414
-47075
28747
46811
-10183
6082
-32852
19179
28037
18191
-44704
72607
91041
33077
80384
75152
15238
43030
78040
-6694
35490
-11258
82334
41995
35078
59377
25771
84591
-4273
92511
89302
82897
-2391
24165
-47697
97148
69320
38809
-7399
-13973
37893
-30668
86450
6655
-21192
47076
58544
64586
65987
1811
-17988
13800
-28233
-38253
28431
-43262
66953
3533
17806
94273
70753
2255
18580
-24310
-49162
81437
47635
-1256
73321
13031
70290
59610
2718
-32559
305
2905
2022
63511
-125
71686
-17356
68500
29635
7437
-45573
-1874
-1352
-49904
25671
-33465
64426
-11972
-46905
36314
32908
8032
41862
68482
-41517
-4648
95578
22503
-6030
33673
16272
-43728
90625
5103
-45569
26128
-1860
40205
8966
36845
14652
67965
77226
41629
